2.456210860179999843e+06
2.456217835539999884e+06
2.456243843350000214e+06
2.456256766340000089e+06
2.456257635799999814e+06
2.456277813750000205e+06
2.456283554500000086e+06
2.456294704700000118e+06
2.456295687229999807e+06
2.456304741630000062e+06
2.456305737220000010e+06
2.456306724609999917e+06
2.456308660310000181e+06
2.456316710880000144e+06
2.456347518829999957e+06
2.456349527089999989e+06
2.456352529740000144e+06
2.456356510059999768e+06
2.456571848780000117e+06
2.456582847449999768e+06
2.456586752350000199e+06
2.456597732520000078e+06
2.456620762519999873e+06
2.456627669329999946e+06
2.456645548680000007e+06
2.456653785949999932e+06
2.456693623039999977e+06
2.456697668430000078e+06
2.456703638400000054e+06
2.456714528619999997e+06
2.456719526939999778e+06
2.456723678079999983e+06
